161.40	613.16	0.038438	0.26984	0.32350	2.0209	2.9662	0.33713	-0.16665	-0.16303	-0.99353	22.064	44.446	653.38	-8.4931e-05	516.89	0.072081	0.0082206	121.65	11.189	12.495	77.430	13.321	22.698	128.33	0.0086392	13.386	0.0031160
161.50	616.86	0.038651	0.27655	0.33054	2.0625	2.9656	0.33720	-0.16222	-0.15858	-0.96605	22.056	44.448	653.10	-8.4891e-05	516.15	0.072045	0.0082661	120.98	11.190	12.496	77.391	13.325	22.706	128.36	0.0086260	13.393	0.0031181
161.60	620.58	0.038864	0.28327	0.33759	2.1041	2.9649	0.33728	-0.15778	-0.15412	-0.93859	22.049	44.451	652.82	-8.4851e-05	515.41	0.072009	0.0083118	120.31	11.191	12.498	77.352	13.328	22.714	128.39	0.0086129	13.400	0.0031203
161.70	624.32	0.039079	0.29000	0.34464	2.1458	2.9642	0.33736	-0.15334	-0.14966	-0.91114	22.042	44.453	652.54	-8.4811e-05	514.67	0.071973	0.0083576	119.65	11.192	12.499	77.313	13.331	22.721	128.42	0.0085998	13.407	0.0031224
161.80	628.07	0.039294	0.29674	0.35171	2.1874	2.9636	0.33743	-0.14891	-0.14520	-0.88370	22.035	44.456	652.26	-8.4770e-05	513.93	0.071937	0.0084037	119.00	11.192	12.501	77.274	13.334	22.729	128.45	0.0085867	13.415	0.0031246
161.90	631.84	0.039510	0.30349	0.35879	2.2291	2.9629	0.33751	-0.14447	-0.14074	-0.85629	22.028	44.458	651.98	-8.4730e-05	513.20	0.071901	0.0084499	118.34	11.193	12.502	77.235	13.337	22.737	128.48	0.0085736	13.422	0.0031267
162.00	635.63	0.039728	0.31025	0.36588	2.2709	2.9623	0.33758	-0.14003	-0.13628	-0.82888	22.021	44.460	651.70	-8.4689e-05	512.46	0.071865	0.0084964	117.70	11.194	12.504	77.196	13.340	22.745	128.51	0.0085606	13.429	0.0031288
162.10	639.44	0.039946	0.31702	0.37298	2.3126	2.9616	0.33766	-0.13560	-0.13182	-0.80150	22.014	44.463	651.42	-8.4648e-05	511.73	0.071829	0.0085430	117.06	11.195	12.505	77.157	13.343	22.753	128.54	0.0085476	13.436	0.0031310
162.20	643.26	0.040165	0.32379	0.38009	2.3544	2.9609	0.33773	-0.13116	-0.12736	-0.77413	22.007	44.465	651.14	-8.4607e-05	511.00	0.071793	0.0085898	116.42	11.196	12.507	77.119	13.347	22.760	128.57	0.0085347	13.443	0.0031331
162.30	647.11	0.040384	0.33058	0.38721	2.3962	2.9603	0.33781	-0.12672	-0.12290	-0.74677	22.000	44.468	650.86	-8.4566e-05	510.27	0.071756	0.0086368	115.78	11.197	12.508	77.080	13.350	22.768	128.60	0.0085217	13.451	0.0031353
162.40	650.97	0.040605	0.33737	0.39434	2.4381	2.9596	0.33788	-0.12228	-0.11843	-0.71943	21.993	44.471	650.57	-8.4525e-05	509.54	0.071720	0.0086841	115.15	11.198	12.510	77.041	13.353	22.776	128.63	0.0085088	13.458	0.0031374
162.50	654.84	0.040827	0.34417	0.40149	2.4799	2.9589	0.33796	-0.11785	-0.11397	-0.69211	21.986	44.473	650.29	-8.4484e-05	508.81	0.071684	0.0087315	114.53	11.199	12.511	77.003	13.356	22.784	128.66	0.0084960	13.465	0.0031396
162.60	658.74	0.041050	0.35098	0.40864	2.5218	2.9583	0.33803	-0.11341	-0.10951	-0.66480	21.979	44.476	650.01	-8.4442e-05	508.08	0.071648	0.0087791	113.91	11.200	12.513	76.964	13.359	22.792	128.70	0.0084831	13.472	0.0031417
162.70	662.65	0.041273	0.35780	0.41580	2.5638	2.9576	0.33811	-0.10897	-0.10505	-0.63750	21.972	44.478	649.73	-8.4401e-05	507.36	0.071612	0.0088269	113.29	11.200	12.514	76.926	13.363	22.800	128.73	0.0084703	13.479	0.0031439
162.80	666.59	0.041498	0.36463	0.42297	2.6057	2.9570	0.33819	-0.10453	-0.10058	-0.61023	21.965	44.481	649.45	-8.4359e-05	506.64	0.071575	0.0088749	112.68	11.201	12.516	76.887	13.366	22.808	128.76	0.0084576	13.487	0.0031460
162.90	670.54	0.041723	0.37147	0.43016	2.6477	2.9563	0.33826	-0.10009	-0.096122	-0.58296	21.958	44.484	649.17	-8.4317e-05	505.91	0.071539	0.0089231	112.07	11.202	12.518	76.849	13.369	22.816	128.79	0.0084448	13.494	0.0031482
163.00	674.50	0.041949	0.37832	0.43735	2.6897	2.9556	0.33834	-0.095653	-0.091658	-0.55572	21.951	44.486	648.89	-8.4275e-05	505.19	0.071503	0.0089715	111.46	11.203	12.519	76.811	13.372	22.824	128.82	0.0084321	13.501	0.0031503
163.10	678.49	0.042177	0.38518	0.44456	2.7318	2.9550	0.33841	-0.091214	-0.087195	-0.52849	21.944	44.489	648.61	-8.4233e-05	504.47	0.071467	0.0090201	110.86	11.204	12.521	76.772	13.375	22.832	128.85	0.0084194	13.508	0.0031525
163.20	682.50	0.042405	0.39204	0.45177	2.7739	2.9543	0.33849	-0.086774	-0.082731	-0.50127	21.937	44.492	648.33	-8.4191e-05	503.76	0.071430	0.0090689	110.27	11.205	12.522	76.734	13.379	22.840	128.88	0.0084068	13.515	0.0031546
163.30	686.52	0.042634	0.39892	0.45900	2.8160	2.9536	0.33856	-0.082335	-0.078266	-0.47407	21.931	44.495	648.05	-8.4149e-05	503.04	0.071394	0.0091179	109.67	11.206	12.524	76.696	13.382	22.848	128.91	0.0083942	13.523	0.0031568
163.40	690.56	0.042864	0.40580	0.46624	2.8581	2.9530	0.33864	-0.077895	-0.073802	-0.44688	21.924	44.497	647.77	-8.4106e-05	502.32	0.071358	0.0091671	109.09	11.206	12.525	76.658	13.385	22.856	128.94	0.0083816	13.530	0.0031590
163.50	694.62	0.043095	0.41269	0.47349	2.9003	2.9523	0.33872	-0.073455	-0.069336	-0.41971	21.917	44.500	647.49	-8.4064e-05	501.61	0.071321	0.0092164	108.50	11.207	12.527	76.620	13.388	22.864	128.97	0.0083690	13.537	0.0031611
163.60	698.70	0.043327	0.41959	0.48075	2.9425	2.9517	0.33879	-0.069015	-0.064871	-0.39256	21.910	44.503	647.20	-8.4021e-05	500.90	0.071285	0.0092660	107.92	11.208	12.528	76.582	13.392	22.873	129.00	0.0083565	13.544	0.0031633
163.70	702.80	0.043560	0.42651	0.48802	2.9847	2.9510	0.33887	-0.064574	-0.060405	-0.36542	21.903	44.506	646.92	-8.3978e-05	500.19	0.071248	0.0093158	107.34	11.209	12.530	76.544	13.395	22.881	129.03	0.0083440	13.552	0.0031654
163.80	706.91	0.043794	0.43343	0.49530	3.0270	2.9503	0.33895	-0.060133	-0.055939	-0.33829	21.896	44.509	646.64	-8.3935e-05	499.48	0.071212	0.0093658	106.77	11.210	12.531	76.506	13.398	22.889	129.06	0.0083315	13.559	0.0031676
163.90	711.04	0.044029	0.44036	0.50259	3.0693	2.9497	0.33902	-0.055692	-0.051473	-0.31118	21.889	44.512	646.36	-8.3892e-05	498.77	0.071175	0.0094161	106.20	11.211	12.533	76.468	13.401	22.897	129.09	0.0083191	13.566	0.0031698
164.00	715.20	0.044264	0.44729	0.50989	3.1116	2.9490	0.33910	-0.051251	-0.047006	-0.28409	21.882	44.515	646.08	-8.3849e-05	498.06	0.071139	0.0094665	105.64	11.212	12.534	76.430	13.405	22.906	129.12	0.0083067	13.573	0.0031719
164.10	719.37	0.044501	0.45424	0.51720	3.1540	2.9483	0.33917	-0.046810	-0.042539	-0.25701	21.875	44.517	645.80	-8.3805e-05	497.36	0.071102	0.0095171	105.07	11.213	12.536	76.392	13.408	22.914	129.15	0.0082943	13.580	0.0031741
164.20	723.56	0.044739	0.46120	0.52453	3.1964	2.9477	0.33925	-0.042368	-0.038071	-0.22994	21.869	44.520	645.52	-8.3762e-05	496.65	0.071066	0.0095679	104.52	11.213	12.537	76.355	13.411	22.922	129.18	0.0082820	13.588	0.0031763
164.30	727.77	0.044977	0.46817	0.53186	3.2388	2.9470	0.33933	-0.037926	-0.033603	-0.20289	21.862	44.523	645.24	-8.3718e-05	495.95	0.071029	0.0096189	103.96	11.214	12.539	76.317	13.415	22.930	129.21	0.0082697	13.595	0.0031784
164.40	732.00	0.045217	0.47514	0.53921	3.2812	2.9463	0.33940	-0.033484	-0.029135	-0.17586	21.855	44.526	644.95	-8.3674e-05	495.25	0.070993	0.0096701	103.41	11.215	12.540	76.279	13.418	22.939	129.24	0.0082574	13.602	0.0031806
164.50	736.24	0.045458	0.48213	0.54657	3.3237	2.9457	0.33948	-0.029042	-0.024667	-0.14884	21.848	44.529	644.67	-8.3631e-05	494.55	0.070956	0.0097216	102.86	11.216	12.542	76.242	13.421	22.947	129.27	0.0082451	13.610	0.0031828
164.60	740.51	0.045699	0.48912	0.55393	3.3662	2.9450	0.33956	-0.024599	-0.020198	-0.12184	21.841	44.532	644.39	-8.3586e-05	493.85	0.070920	0.0097732	102.32	11.217	12.543	76.204	13.425	22.955	129.30	0.0082329	13.617	0.0031849
164.70	744.80	0.045942	0.49613	0.56131	3.4087	2.9443	0.33963	-0.020156	-0.015728	-0.094846	21.835	44.536	644.11	-8.3542e-05	493.15	0.070883	0.0098251	101.78	11.218	12.545	76.167	13.428	22.964	129.33	0.0082207	13.624	0.0031871
164.80	749.10	0.046185	0.50314	0.56870	3.4513	2.9437	0.33971	-0.015713	-0.011258	-0.067871	21.828	44.539	643.83	-8.3498e-05	492.46	0.070846	0.0098771	101.24	11.219	12.546	76.129	13.431	22.972	129.35	0.0082085	13.631	0.0031893
164.90	753.42	0.046430	0.51016	0.57611	3.4939	2.9430	0.33979	-0.011270	-0.0067884	-0.040911	21.821	44.542	643.55	-8.3454e-05	491.76	0.070810	0.0099294	100.71	11.219	12.548	76.092	13.435	22.981	129.38	0.0081964	13.639	0.0031915
165.00	757.77	0.046675	0.51720	0.58352	3.5366	2.9423	0.33987	-0.0068259	-0.0023179	-0.013965	21.814	44.545	643.26	-8.3409e-05	491.07	0.070773	0.0099819	100.18	11.220	12.549	76.055	13.438	22.989	129.41	0.0081843	13.646	0.0031936
165.10	762.13	0.046922	0.52424	0.59094	3.5792	2.9417	0.33994	-0.0023821	0.0021529	0.012965	21.807	44.548	642.98	-8.3364e-05	490.37	0.070736	0.010035	99.656	11.221	12.551	76.018	13.441	22.998	129.44	0.0081722	13.653	0.0031958
165.20	766.51	0.047169	0.53129	0.59838	3.6219	2.9410	0.34002	0.0020620	0.0066242	0.039881	21.801	44.551	642.70	-8.3319e-05	489.68	0.070700	0.010087	99.133	11.222	12.552	75.980	13.445	23.006	129.47	0.0081601	13.660	0.0031980
165.30	770.91	0.047417	0.53835	0.60582	3.6646	2.9403	0.34010	0.0065064	0.011096	0.066782	21.794	44.554	642.42	-8.3274e-05	488.99	0.070663	0.010141	98.614	11.223	12.553	75.943	13.448	23.015	129.50	0.0081481	13.668	0.0032002
165.40	775.33	0.047667	0.54542	0.61328	3.7074	2.9397	0.34017	0.010951	0.015568	0.093669	21.787	44.558	642.14	-8.3229e-05	488.31	0.070626	0.010194	98.098	11.224	12.555	75.906	13.452	23.023	129.53	0.0081361	13.675	0.0032024
165.50	779.77	0.047917	0.55250	0.62075	3.7502	2.9390	0.34025	0.015396	0.020040	0.12054	21.780	44.561	641.86	-8.3184e-05	487.62	0.070589	0.010247	97.586	11.224	12.556	75.869	13.455	23.032	129.56	0.0081241	13.682	0.0032045
165.60	784.23	0.048169	0.55959	0.62823	3.7930	2.9383	0.34033	0.019841	0.024513	0.14740	21.774	44.564	641.57	-8.3139e-05	486.93	0.070553	0.010301	97.077	11.225	12.558	75.832	13.458	23.041	129.59	0.0081122	13.690	0.0032067
165.70	788.71	0.048421	0.56669	0.63572	3.8359	2.9377	0.34041	0.024287	0.028986	0.17424	21.767	44.567	641.29	-8.3093e-05	486.25	0.070516	0.010355	96.571	11.226	12.559	75.795	13.462	23.049	129.62	0.0081002	13.697	0.0032089
165.80	793.21	0.048674	0.57380	0.64322	3.8788	2.9370	0.34048	0.028732	0.033460	0.20107	21.760	44.571	641.01	-8.3048e-05	485.57	0.070479	0.010409	96.069	11.227	12.561	75.758	13.465	23.058	129.65	0.0080884	13.704	0.0032111
165.90	797.73	0.048929	0.58092	0.65073	3.9217	2.9363	0.34056	0.033178	0.037934	0.22788	21.754	44.574	640.73	-8.3002e-05	484.88	0.070442	0.010464	95.569	11.228	12.562	75.721	13.469	23.066	129.68	0.0080765	13.712	0.0032133
166.00	802.27	0.049184	0.58804	0.65826	3.9646	2.9357	0.34064	0.037624	0.042408	0.25468	21.747	44.577	640.45	-8.2956e-05	484.20	0.070405	0.010518	95.073	11.229	12.564	75.684	13.472	23.075	129.71	0.0080647	13.719	0.0032155
166.10	806.83	0.049441	0.59518	0.66580	4.0076	2.9350	0.34072	0.042071	0.046883	0.28147	21.740	44.581	640.16	-8.2910e-05	483.52	0.070369	0.010573	94.581	11.229	12.565	75.648	13.475	23.084	129.74	0.0080529	13.726	0.0032177
166.20	811.41	0.049698	0.60233	0.67334	4.0506	2.9343	0.34079	0.046518	0.051358	0.30824	21.733	44.584	639.88	-8.2864e-05	482.85	0.070332	0.010628	94.091	11.230	12.567	75.611	13.479	23.093	129.76	0.0080411	13.733	0.0032199
166.30	816.00	0.049957	0.60949	0.68090	4.0937	2.9337	0.34087	0.050965	0.055833	0.33499	21.727	44.588	639.60	-8.2817e-05	482.17	0.070295	0.010683	93.604	11.231	12.568	75.574	13.482	23.101	129.79	0.0080293	13.741	0.0032220
166.40	820.62	0.050216	0.61665	0.68847	4.1368	2.9330	0.34095	0.055412	0.060309	0.36173	21.720	44.591	639.32	-8.2771e-05	481.49	0.070258	0.010739	93.121	11.232	12.570	75.538	13.486	23.110	129.82	0.0080176	13.748	0.0032242
166.50	825.26	0.050477	0.62383	0.69606	4.1799	2.9323	0.34103	0.059859	0.064786	0.38846	21.714	44.594	639.03	-8.2724e-05	480.82	0.070221	0.010794	92.641	11.233	12.571	75.501	13.489	23.119	129.85	0.0080059	13.755	0.0032264
166.60	829.92	0.050738	0.63101	0.70365	4.2230	2.9316	0.34111	0.064307	0.069263	0.41517	21.707	44.598	638.75	-8.2678e-05	480.15	0.070184	0.010850	92.164	11.234	12.572	75.464	13.493	23.128	129.88	0.0079942	13.763	0.0032286
166.70	834.60	0.051001	0.63821	0.71126	4.2662	2.9310	0.34118	0.068756	0.073740	0.44187	21.700	44.601	638.47	-8.2631e-05	479.47	0.070147	0.010906	91.690	11.234	12.574	75.428	13.496	23.137	129.91	0.0079826	13.770	0.0032308
166.80	839.30	0.051264	0.64542	0.71887	4.3094	2.9303	0.34126	0.073204	0.078218	0.46855	21.694	44.605	638.19	-8.2584e-05	478.80	0.070110	0.010963	91.218	11.235	12.575	75.391	13.500	23.146	129.94	0.0079710	13.777	0.0032330
166.90	844.02	0.051529	0.65263	0.72650	4.3527	2.9296	0.34134	0.077653	0.082696	0.49522	21.687	44.609	637.90	-8.2537e-05	478.14	0.070073	0.011019	90.750	11.236	12.577	75.355	13.503	23.155	129.97	0.0079594	13.785	0.0032352
167.00	848.76	0.051794	0.65986	0.73414	4.3959	2.9290	0.34142	0.082102	0.087174	0.52188	21.680	44.612	637.62	-8.2489e-05	477.47	0.070036	0.011076	90.285	11.237	12.578	75.319	13.507	23.163	129.99	0.0079478	13.792	0.0032374
167.10	853.52	0.052061	0.66709	0.74179	4.4392	2.9283	0.34150	0.086551	0.091653	0.54852	21.674	44.616	637.34	-8.2442e-05	476.80	0.069999	0.011133	89.823	11.238	12.580	75.282	13.510	23.172	130.02	0.0079363	13.800	0.0032396
167.20	858.30	0.052329	0.67434	0.74946	4.4826	2.9276	0.34157	0.091001	0.096132	0.57515	21.667	44.619	637.06	-8.2394e-05	476.13	0.069962	0.011190	89.364	11.239	12.581	75.246	13.514	23.181	130.05	0.0079248	13.807	0.0032418
167.30	863.11	0.052597	0.68159	0.75713	4.5260	2.9270	0.34165	0.095450	0.10061	0.60176	21.661	44.623	636.77	-8.2347e-05	475.47	0.069925	0.011248	88.908	11.239	12.583	75.210	13.517	23.190	130.08	0.0079133	13.814	0.0032440
167.40	867.93	0.052867	0.68886	0.76482	4.5694	2.9263	0.34173	0.099901	0.10509	0.62836	21.654	44.627	636.49	-8.2299e-05	474.81	0.069888	0.011305	88.454	11.240	12.584	75.174	13.521	23.199	130.11	0.0079019	13.822	0.0032462
167.50	872.77	0.053138	0.69613	0.77252	4.6128	2.9256	0.34181	0.10435	0.10957	0.65495	21.647	44.630	636.21	-8.2251e-05	474.15	0.069851	0.011363	88.004	11.241	12.585	75.138	13.524	23.208	130.14	0.0078904	13.829	0.0032484
167.60	877.64	0.053410	0.70341	0.78023	4.6563	2.9249	0.34189	0.10880	0.11405	0.68152	21.641	44.634	635.92	-8.2203e-05	473.49	0.069814	0.011421	87.556	11.242	12.587	75.102	13.528	23.218	130.17	0.0078790	13.836	0.0032506
167.70	882.52	0.053683	0.71071	0.78795	4.6998	2.9243	0.34197	0.11325	0.11854	0.70807	21.634	44.638	635.64	-8.2155e-05	472.83	0.069777	0.011480	87.111	11.243	12.588	75.066	13.531	23.227	130.19	0.0078677	13.844	0.0032528
167.80	887.43	0.053957	0.71801	0.79568	4.7433	2.9236	0.34204	0.11770	0.12302	0.73462	21.628	44.642	635.36	-8.2106e-05	472.17	0.069740	0.011538	86.669	11.243	12.590	75.030	13.535	23.236	130.22	0.0078563	13.851	0.0032551
167.90	892.36	0.054232	0.72533	0.80343	4.7869	2.9229	0.34212	0.12216	0.12750	0.76115	21.621	44.645	635.08	-8.2058e-05	471.51	0.069702	0.011597	86.230	11.244	12.591	74.994	13.538	23.245	130.25	0.0078450	13.859	0.0032573
168.00	897.30	0.054508	0.73265	0.81119	4.8305	2.9222	0.34220	0.12661	0.13198	0.78766	21.615	44.649	634.79	-8.2009e-05	470.86	0.069665	0.011656	85.794	11.245	12.593	74.958	13.542	23.254	130.28	0.0078337	13.866	0.0032595
168.10	902.27	0.054785	0.73999	0.81895	4.8742	2.9216	0.34228	0.13106	0.13647	0.81416	21.608	44.653	634.51	-8.1960e-05	470.20	0.069628	0.011715	85.360	11.246	12.594	74.922	13.546	23.263	130.31	0.0078224	13.873	0.0032617
168.20	907.26	0.055064	0.74733	0.82674	4.9179	2.9209	0.34236	0.13551	0.14095	0.84065	21.602	44.657	634.23	-8.1912e-05	469.55	0.069591	0.011775	84.929	11.247	12.595	74.886	13.549	23.272	130.34	0.0078112	13.881	0.0032639
168.30	912.28	0.055343	0.75469	0.83453	4.9616	2.9202	0.34244	0.13997	0.14543	0.86712	21.595	44.661	633.94	-8.1862e-05	468.90	0.069554	0.011834	84.501	11.247	12.597	74.850	13.553	23.282	130.36	0.0078000	13.888	0.0032661
168.40	917.31	0.055623	0.76205	0.84233	5.0053	2.9196	0.34252	0.14442	0.14992	0.89358	21.589	44.665	633.66	-8.1813e-05	468.24	0.069517	0.011894	84.075	11.248	12.598	74.815	13.556	23.291	130.39	0.0077888	13.895	0.0032683
168.50	922.36	0.055905	0.76942	0.85015	5.0491	2.9189	0.34260	0.14887	0.15440	0.92003	21.582	44.668	633.38	-8.1764e-05	467.59	0.069479	0.011954	83.652	11.249	12.600	74.779	13.560	23.300	130.42	0.0077776	13.903	0.0032706
168.60	927.44	0.056187	0.77681	0.85798	5.0929	2.9182	0.34268	0.15333	0.15889	0.94646	21.576	44.672	633.09	-8.1714e-05	466.95	0.069442	0.012015	83.232	11.250	12.601	74.743	13.564	23.310	130.45	0.0077665	13.910	0.0032728
168.70	932.53	0.056471	0.78420	0.86582	5.1368	2.9175	0.34276	0.15778	0.16338	0.97288	21.569	44.676	632.81	-8.1665e-05	466.30	0.069405	0.012075	82.815	11.251	12.602	74.708	13.567	23.319	130.48	0.0077553	13.918	0.0032750
168.80	937.65	0.056755	0.79161	0.87367	5.1806	2.9169	0.34283	0.16223	0.16786	0.99928	21.563	44.680	632.53	-8.1615e-05	465.65	0.069368	0.012136	82.399	11.251	12.604	74.672	13.571	23.328	130.50	0.0077442	13.925	0.0032772
168.90	942.79	0.057041	0.79902	0.88154	5.2246	2.9162	0.34291	0.16669	0.17235	1.0257	21.556	44.684	632.24	-8.1565e-05	465.01	0.069330	0.012197	81.987	11.252	12.605	74.637	13.574	23.338	130.53	0.0077332	13.933	0.0032794
169.00	947.95	0.057328	0.80645	0.88942	5.2685	2.9155	0.34299	0.17114	0.17684	1.0521	21.550	44.688	631.96	-8.1515e-05	464.36	0.069293	0.012258	81.577	11.253	12.607	74.601	13.578	23.347	130.56	0.0077221	13.940	0.0032817
169.10	953.14	0.057616	0.81389	0.89731	5.3125	2.9148	0.34307	0.17560	0.18132	1.0784	21.543	44.692	631.67	-8.1465e-05	463.72	0.069256	0.012320	81.170	11.254	12.608	74.566	13.582	23.357	130.59	0.0077111	13.947	0.0032839
169.20	958.34	0.057905	0.82133	0.90521	5.3565	2.9142	0.34315	0.18006	0.18581	1.1048	21.537	44.697	631.39	-8.1415e-05	463.08	0.069219	0.012382	80.765	11.255	12.609	74.531	13.585	23.366	130.61	0.0077001	13.955	0.0032861
169.30	963.57	0.058195	0.82879	0.91312	5.4006	2.9135	0.34323	0.18451	0.19030	1.1311	21.530	44.701	631.11	-8.1364e-05	462.44	0.069181	0.012444	80.363	11.255	12.611	74.495	13.589	23.375	130.64	0.0076892	13.962	0.0032883
169.40	968.82	0.058487	0.83625	0.92105	5.4447	2.9128	0.34331	0.18897	0.19479	1.1574	21.524	44.705	630.82	-8.1314e-05	461.80	0.069144	0.012506	79.963	11.256	12.612	74.460	13.593	23.385	130.67	0.0076782	13.970	0.0032906
169.50	974.09	0.058779	0.84373	0.92898	5.4888	2.9121	0.34339	0.19343	0.19928	1.1837	21.518	44.709	630.54	-8.1263e-05	461.16	0.069107	0.012568	79.566	11.257	12.614	74.425	13.596	23.394	130.70	0.0076673	13.977	0.0032928
169.60	979.38	0.059072	0.85122	0.93693	5.5329	2.9115	0.34347	0.19788	0.20377	1.2100	21.511	44.713	630.26	-8.1212e-05	460.53	0.069069	0.012631	79.171	11.258	12.615	74.390	13.600	23.404	130.72	0.0076564	13.985	0.0032950
169.70	984.70	0.059367	0.85872	0.94490	5.5771	2.9108	0.34355	0.20234	0.20826	1.2363	21.505	44.717	629.97	-8.1161e-05	459.89	0.069032	0.012694	78.779	11.259	12.616	74.355	13.604	23.414	130.75	0.0076455	13.992	0.0032973
169.80	990.03	0.059663	0.86622	0.95287	5.6214	2.9101	0.34363	0.20680	0.21275	1.2626	21.498	44.721	629.69	-8.1110e-05	459.26	0.068995	0.012757	78.389	11.259	12.618	74.320	13.607	23.423	130.78	0.0076347	13.999	0.0032995
169.90	995.39	0.059959	0.87374	0.96086	5.6656	2.9094	0.34371	0.21126	0.21724	1.2888	21.492	44.726	629.40	-8.1058e-05	458.62	0.068957	0.012820	78.001	11.260	12.619	74.285	13.611	23.433	130.81	0.0076239	14.007	0.0033017
170.00	1000.8	0.060257	0.88127	0.96886	5.7099	2.9088	0.34379	0.21571	0.22174	1.3151	21.486	44.730	629.12	-8.1007e-05	457.99	0.068920	0.012884	77.616	11.261	12.621	74.250	13.615	23.442	130.83	0.0076131	14.014	0.0033040
170.10	1006.2	0.060556	0.88881	0.97687	5.7542	2.9081	0.34387	0.22017	0.22623	1.3413	21.479	44.734	628.84	-8.0955e-05	457.36	0.068882	0.012948	77.233	11.262	12.622	74.215	13.619	23.452	130.86	0.0076023	14.022	0.0033062
170.20	1011.6	0.060856	0.89636	0.98489	5.7986	2.9074	0.34395	0.22463	0.23072	1.3675	21.473	44.738	628.55	-8.0904e-05	456.73	0.068845	0.013012	76.853	11.263	12.623	74.180	13.622	23.462	130.89	0.0075916	14.029	0.0033084
170.30	1017.0	0.061158	0.90392	0.99293	5.8430	2.9067	0.34403	0.22909	0.23522	1.3937	21.467	44.743	628.27	-8.0852e-05	456.10	0.068808	0.013076	76.475	11.263	12.625	74.145	13.626	23.472	130.92	0.0075808	14.037	0.0033107
170.40	1022.5	0.061460	0.91149	1.0010	5.8875	2.9060	0.34411	0.23355	0.23971	1.4199	21.460	44.747	627.98	-8.0800e-05	455.47	0.068770	0.013141	76.099	11.264	12.626	74.110	13.630	23.481	130.94	0.0075701	14.044	0.0033129
170.50	1028.0	0.061764	0.91907	1.0090	5.9319	2.9054	0.34419	0.23801	0.24421	1.4461	21.454	44.752	627.70	-8.0747e-05	454.85	0.068733	0.013206	75.725	11.265	12.627	74.075	13.633	23.491	130.97	0.0075595	14.052	0.0033152
170.60	1033.5	0.062068	0.92666	1.0171	5.9764	2.9047	0.34427	0.24247	0.24870	1.4723	21.448	44.756	627.41	-8.0695e-05	454.22	0.068695	0.013271	75.354	11.266	12.629	74.041	13.637	23.501	131.00	0.0075488	14.059	0.0033174
170.70	1039.1	0.062374	0.93426	1.0252	6.0210	2.9040	0.34435	0.24693	0.25320	1.4984	21.441	44.760	627.13	-8.0643e-05	453.60	0.068658	0.013336	74.985	11.266	12.630	74.006	13.641	23.511	131.03	0.0075382	14.067	0.0033197
170.80	1044.6	0.062681	0.94187	1.0333	6.0656	2.9033	0.34443	0.25140	0.25769	1.5245	21.435	44.765	626.84	-8.0590e-05	452.97	0.068620	0.013401	74.619	11.267	12.632	73.971	13.645	23.521	131.05	0.0075276	14.074	0.0033219
170.90	1050.2	0.062989	0.94950	1.0414	6.1102	2.9027	0.34451	0.25586	0.26219	1.5507	21.429	44.769	626.56	-8.0537e-05	452.35	0.068583	0.013467	74.254	11.268	12.633	73.937	13.648	23.530	131.08	0.0075170	14.082	0.0033242
171.00	1055.8	0.063298	0.95713	1.0495	6.1548	2.9020	0.34459	0.26032	0.26669	1.5768	21.422	44.774	626.28	-8.0484e-05	451.73	0.068545	0.013533	73.892	11.269	12.634	73.902	13.652	23.540	131.11	0.0075064	14.089	0.0033264