0      -43.5     0.0     0.0     X
1      -40.5     0.0     0.0     X
2      -37.5     0.0     0.0     X
3      -34.5     0.0     0.0     X
4      -31.5     0.0     0.0     X
5      -28.5     0.0     0.0     X
6      -25.5     0.0     0.0     X
7      -22.5     0.0     0.0     X
8      -19.5     0.0     0.0     X
9      -16.5     0.0     0.0     X
10      -13.5     0.0     0.0     X
11      -10.5     0.0     0.0     X
12      -7.5     0.0     0.0     X
13      -4.5     0.0     0.0     X
14      -1.5     0.0     0.0     X
15      1.5     0.0     0.0     X
16      4.5     0.0     0.0     X
17      7.5     0.0     0.0     X
18      10.5     0.0     0.0     X
19      13.5     0.0     0.0     X
20      16.5     0.0     0.0     X
21      19.5     0.0     0.0     X
22      22.5     0.0     0.0     X
23      25.5     0.0     0.0     X
24      28.5     0.0     0.0     X
25      31.5     0.0     0.0     X
26      34.5     0.0     0.0     X
27      37.5     0.0     0.0     X
28      40.5     0.0     0.0     X
29      43.5     0.0     0.0     X
30      0.0     -43.5     0.0    Y
31      0.0     -40.5     0.0    Y
32      0.0     -37.5     0.0    Y
33      0.0     -34.5     0.0    Y
34      0.0     -31.5     0.0    Y
35      0.0     -28.5     0.0    Y
36      0.0     -25.5     0.0    Y
37      0.0     -22.5     0.0    Y
38      0.0     -19.5     0.0    Y
39      0.0     -16.5     0.0    Y
40      0.0     -13.5     0.0    Y
41      0.0     -10.5     0.0    Y
42      0.0     -7.5     0.0    Y
43      0.0     -4.5     0.0    Y
44      0.0     -1.5     0.0    Y
45      0.0     1.5     0.0    Y
46      0.0     4.5     0.0    Y
47      0.0     7.5     0.0    Y
48      0.0     10.5     0.0    Y
49      0.0     13.5     0.0    Y
50      0.0     16.5     0.0    Y
51      0.0     19.5     0.0    Y
52      0.0     22.5     0.0    Y
53      0.0     25.5     0.0    Y
54      0.0     28.5     0.0    Y
55      0.0     31.5     0.0    Y
56      0.0     34.5     0.0    Y
57      0.0     37.5     0.0    Y
58      0.0     40.5     0.0    Y
59      0.0     43.5     0.0    Y
